{
 "cells": [
  {
   "cell_type": "code",
   "execution_count": 2,
   "id": "e65d4e49",
   "metadata": {},
   "outputs": [
    {
     "data": {
      "text/html": [
       "<div>\n",
       "<style scoped>\n",
       "    .dataframe tbody tr th:only-of-type {\n",
       "        vertical-align: middle;\n",
       "    }\n",
       "\n",
       "    .dataframe tbody tr th {\n",
       "        vertical-align: top;\n",
       "    }\n",
       "\n",
       "    .dataframe thead th {\n",
       "        text-align: right;\n",
       "    }\n",
       "</style>\n",
       "<table border=\"1\" class=\"dataframe\">\n",
       "  <thead>\n",
       "    <tr style=\"text-align: right;\">\n",
       "      <th></th>\n",
       "      <th>Pregnancies</th>\n",
       "      <th>Glucose</th>\n",
       "      <th>BloodPressure</th>\n",
       "      <th>SkinThickness</th>\n",
       "      <th>Insulin</th>\n",
       "      <th>BMI</th>\n",
       "      <th>DiabetesPedigreeFunction</th>\n",
       "      <th>Age</th>\n",
       "      <th>Outcome</th>\n",
       "    </tr>\n",
       "  </thead>\n",
       "  <tbody>\n",
       "    <tr>\n",
       "      <th>Pregnancies</th>\n",
       "      <td>11.354056</td>\n",
       "      <td>13.947131</td>\n",
       "      <td>9.214538</td>\n",
       "      <td>-4.390041</td>\n",
       "      <td>-28.555231</td>\n",
       "      <td>0.469774</td>\n",
       "      <td>-0.037426</td>\n",
       "      <td>21.570620</td>\n",
       "      <td>0.356618</td>\n",
       "    </tr>\n",
       "    <tr>\n",
       "      <th>Glucose</th>\n",
       "      <td>13.947131</td>\n",
       "      <td>1022.248314</td>\n",
       "      <td>94.430956</td>\n",
       "      <td>29.239183</td>\n",
       "      <td>1220.935799</td>\n",
       "      <td>55.726987</td>\n",
       "      <td>1.454875</td>\n",
       "      <td>99.082805</td>\n",
       "      <td>7.115079</td>\n",
       "    </tr>\n",
       "    <tr>\n",
       "      <th>BloodPressure</th>\n",
       "      <td>9.214538</td>\n",
       "      <td>94.430956</td>\n",
       "      <td>374.647271</td>\n",
       "      <td>64.029396</td>\n",
       "      <td>198.378412</td>\n",
       "      <td>43.004695</td>\n",
       "      <td>0.264638</td>\n",
       "      <td>54.523453</td>\n",
       "      <td>0.600697</td>\n",
       "    </tr>\n",
       "    <tr>\n",
       "      <th>SkinThickness</th>\n",
       "      <td>-4.390041</td>\n",
       "      <td>29.239183</td>\n",
       "      <td>64.029396</td>\n",
       "      <td>254.473245</td>\n",
       "      <td>802.979941</td>\n",
       "      <td>49.373869</td>\n",
       "      <td>0.972136</td>\n",
       "      <td>-21.381023</td>\n",
       "      <td>0.568747</td>\n",
       "    </tr>\n",
       "    <tr>\n",
       "      <th>Insulin</th>\n",
       "      <td>-28.555231</td>\n",
       "      <td>1220.935799</td>\n",
       "      <td>198.378412</td>\n",
       "      <td>802.979941</td>\n",
       "      <td>13281.180078</td>\n",
       "      <td>179.775172</td>\n",
       "      <td>7.066681</td>\n",
       "      <td>-57.143290</td>\n",
       "      <td>7.175671</td>\n",
       "    </tr>\n",
       "    <tr>\n",
       "      <th>BMI</th>\n",
       "      <td>0.469774</td>\n",
       "      <td>55.726987</td>\n",
       "      <td>43.004695</td>\n",
       "      <td>49.373869</td>\n",
       "      <td>179.775172</td>\n",
       "      <td>62.159984</td>\n",
       "      <td>0.367405</td>\n",
       "      <td>3.360330</td>\n",
       "      <td>1.100638</td>\n",
       "    </tr>\n",
       "    <tr>\n",
       "      <th>DiabetesPedigreeFunction</th>\n",
       "      <td>-0.037426</td>\n",
       "      <td>1.454875</td>\n",
       "      <td>0.264638</td>\n",
       "      <td>0.972136</td>\n",
       "      <td>7.066681</td>\n",
       "      <td>0.367405</td>\n",
       "      <td>0.109779</td>\n",
       "      <td>0.130772</td>\n",
       "      <td>0.027472</td>\n",
       "    </tr>\n",
       "    <tr>\n",
       "      <th>Age</th>\n",
       "      <td>21.570620</td>\n",
       "      <td>99.082805</td>\n",
       "      <td>54.523453</td>\n",
       "      <td>-21.381023</td>\n",
       "      <td>-57.143290</td>\n",
       "      <td>3.360330</td>\n",
       "      <td>0.130772</td>\n",
       "      <td>138.303046</td>\n",
       "      <td>1.336953</td>\n",
       "    </tr>\n",
       "    <tr>\n",
       "      <th>Outcome</th>\n",
       "      <td>0.356618</td>\n",
       "      <td>7.115079</td>\n",
       "      <td>0.600697</td>\n",
       "      <td>0.568747</td>\n",
       "      <td>7.175671</td>\n",
       "      <td>1.100638</td>\n",
       "      <td>0.027472</td>\n",
       "      <td>1.336953</td>\n",
       "      <td>0.227483</td>\n",
       "    </tr>\n",
       "  </tbody>\n",
       "</table>\n",
       "</div>"
      ],
      "text/plain": [
       "                          Pregnancies      Glucose  BloodPressure  \\\n",
       "Pregnancies                 11.354056    13.947131       9.214538   \n",
       "Glucose                     13.947131  1022.248314      94.430956   \n",
       "BloodPressure                9.214538    94.430956     374.647271   \n",
       "SkinThickness               -4.390041    29.239183      64.029396   \n",
       "Insulin                    -28.555231  1220.935799     198.378412   \n",
       "BMI                          0.469774    55.726987      43.004695   \n",
       "DiabetesPedigreeFunction    -0.037426     1.454875       0.264638   \n",
       "Age                         21.570620    99.082805      54.523453   \n",
       "Outcome                      0.356618     7.115079       0.600697   \n",
       "\n",
       "                          SkinThickness       Insulin         BMI  \\\n",
       "Pregnancies                   -4.390041    -28.555231    0.469774   \n",
       "Glucose                       29.239183   1220.935799   55.726987   \n",
       "BloodPressure                 64.029396    198.378412   43.004695   \n",
       "SkinThickness                254.473245    802.979941   49.373869   \n",
       "Insulin                      802.979941  13281.180078  179.775172   \n",
       "BMI                           49.373869    179.775172   62.159984   \n",
       "DiabetesPedigreeFunction       0.972136      7.066681    0.367405   \n",
       "Age                          -21.381023    -57.143290    3.360330   \n",
       "Outcome                        0.568747      7.175671    1.100638   \n",
       "\n",
       "                          DiabetesPedigreeFunction         Age   Outcome  \n",
       "Pregnancies                              -0.037426   21.570620  0.356618  \n",
       "Glucose                                   1.454875   99.082805  7.115079  \n",
       "BloodPressure                             0.264638   54.523453  0.600697  \n",
       "SkinThickness                             0.972136  -21.381023  0.568747  \n",
       "Insulin                                   7.066681  -57.143290  7.175671  \n",
       "BMI                                       0.367405    3.360330  1.100638  \n",
       "DiabetesPedigreeFunction                  0.109779    0.130772  0.027472  \n",
       "Age                                       0.130772  138.303046  1.336953  \n",
       "Outcome                                   0.027472    1.336953  0.227483  "
      ]
     },
     "execution_count": 2,
     "metadata": {},
     "output_type": "execute_result"
    }
   ],
   "source": [
    "import pandas as pd\n",
    "\n",
    "# Load the dataframe.\n",
    "df_diabetes = pd.read_csv('/home/mtech_fde/Sarvesh_Projects/EX 11/diabetes.csv')\n",
    "\n",
    "# Compute the covariance matrix.\n",
    "covariance_matrix = df_diabetes.cov()\n",
    "\n",
    "# Print the covariance matrix.\n",
    "covariance_matrix"
   ]
  },
  {
   "cell_type": "code",
   "execution_count": null,
   "id": "106b8ece",
   "metadata": {},
   "outputs": [],
   "source": []
  }
 ],
 "metadata": {
  "kernelspec": {
   "display_name": "base",
   "language": "python",
   "name": "python3"
  },
  "language_info": {
   "codemirror_mode": {
    "name": "ipython",
    "version": 3
   },
   "file_extension": ".py",
   "mimetype": "text/x-python",
   "name": "python",
   "nbconvert_exporter": "python",
   "pygments_lexer": "ipython3",
   "version": "3.11.7"
  }
 },
 "nbformat": 4,
 "nbformat_minor": 5
}
